7.999999999999999638e-06 0.000000000000000000e+00
9.000000000000000228e-06 0.000000000000000000e+00
1.000000000000000082e-05 3.468055000000000000e+06
1.100000000000000141e-05 1.301848900000000000e+07
1.200000000000000200e-05 1.194968000000000000e+06
1.300000000000000259e-05 2.198240000000000000e+05
1.400000000000000318e-05 2.595570000000000000e+05
1.500000000000000377e-05 6.949190000000000000e+05
1.600000000000000266e-05 2.384970000000000000e+05
1.700000000000000664e-05 6.096300000000000000e+04
1.800000000000000384e-05 2.753100000000000000e+04
1.900000000000000782e-05 1.749700000000000000e+04
2.000000000000000502e-05 1.487400000000000000e+04
2.100000000000000900e-05 1.724500000000000000e+04
2.200000000000000620e-05 1.363600000000000000e+04
2.300000000000001018e-05 2.009200000000000000e+04
2.400000000000000738e-05 6.680300000000000000e+04
2.500000000000001136e-05 9.091800000000000000e+04
2.600000000000000856e-05 4.066200000000000000e+04
2.700000000000001254e-05 3.575600000000000000e+04
2.800000000000000974e-05 3.991700000000000000e+04
2.900000000000001372e-05 4.148300000000000000e+04
3.000000000000001092e-05 7.480900000000000000e+04
3.100000000000001490e-05 6.215200000000000000e+04
3.200000000000001210e-05 3.251600000000000000e+04
3.300000000000001608e-05 2.909800000000000000e+04
3.400000000000001328e-05 2.407200000000000000e+04
3.500000000000001726e-05 2.038400000000000000e+04
3.600000000000001446e-05 1.314900000000000000e+04
3.700000000000001844e-05 1.075900000000000000e+04
3.800000000000001564e-05 1.109200000000000000e+04
3.900000000000001962e-05 8.603000000000000000e+03
4.000000000000001682e-05 7.049000000000000000e+03
4.100000000000001403e-05 6.827000000000000000e+03
4.200000000000001800e-05 6.097000000000000000e+03
4.300000000000002198e-05 7.434000000000000000e+03
4.400000000000001918e-05 9.364000000000000000e+03
4.500000000000001639e-05 6.880000000000000000e+03
4.600000000000002036e-05 6.690000000000000000e+03
4.700000000000002434e-05 4.965000000000000000e+03
4.800000000000002154e-05 5.364000000000000000e+03
4.900000000000001875e-05 6.195000000000000000e+03
5.000000000000002272e-05 5.245000000000000000e+03
